shape_id,shape_pt_lat,shape_pt_lon,shape_pt_sequence,shape_dist_traveled
0,40.712713,-74.011963,0,0
0,40.713561,-74.016213,1,0.23015111466121
0,40.714564,-74.021281,2,0.50445205718242
0,40.715442,-74.025719,3,0.74464608088577
0,40.716761,-74.032375,4,1.1049158260347
0,40.716756,-74.032362,5,1.1056803878052
0,40.716918,-74.032988,6,1.1403198016337
0,40.717170,-74.034820,7,1.2378215744565
0,40.717360,-74.035920,8,1.2969009207638
0,40.717713,-74.037241,9,1.3702494609071
0,40.719160,-74.041876,10,1.6327445174306
0,40.719665,-74.042463,11,1.6792435119881
0,40.719314,-74.042392,12,1.7037774453828
0,40.719528,-74.043082,13,1.7428168711523
0,40.720585,-74.046403,14,1.9314283611302
0,40.722060,-74.050976,15,2.1916662768699
0,40.722733,-74.053320,16,2.3229149384504
0,40.723020,-74.053867,17,2.3577507757312
0,40.723671,-74.054726,18,2.4213591610096
0,40.724281,-74.055468,19,2.4786796878221
0,40.725069,-74.055990,20,2.539598210421
0,40.725767,-74.056432,21,2.5930886929834
0,40.726035,-74.056480,22,2.6117745188958
0,40.726440,-74.056594,23,2.6403855103201
0,40.727055,-74.056978,24,2.6873925893857
0,40.728096,-74.058140,25,2.7815963820966
0,40.728887,-74.059040,26,2.853756416856
0,40.729627,-74.059861,27,2.9205517292263
0,40.730053,-74.060339,28,2.9591855222311
0,40.730835,-74.061241,29,3.0309437132305
0,40.731173,-74.061650,30,3.0626275393019
0,40.731963,-74.062589,31,3.1360843474401
0,40.732331,-74.063049,32,3.1711046786551
0,40.733010,-74.062864,33,3.2190061522821
0,40.733719,-74.064240,34,3.3061210320763
0,40.734226,-74.065091,35,3.3627947066875
0,40.734596,-74.065585,36,3.3991585943134
0,40.735637,-74.067340,37,3.5158391797294
0,40.736200,-74.068739,38,3.5987670733044
0,40.737021,-74.071379,39,3.7481603252136
0,40.738381,-74.076542,40,4.034309633606
0,40.739776,-74.081847,41,4.3282690757183
0,40.740623,-74.084924,42,4.4996443034704
0,40.741153,-74.087380,43,4.6333223878706
0,40.741307,-74.091689,44,4.85913670391
0,40.741494,-74.096962,45,5.135464279356
0,40.741732,-74.102578,46,5.4299032233108
0,40.741795,-74.104117,47,5.5105821959304
0,40.741907,-74.105110,48,5.5631352087003
0,40.742452,-74.110874,49,5.8671998644981
0,40.743031,-74.116604,50,6.1697975827402
0,40.743195,-74.122483,51,6.477745804626
0,40.743227,-74.123931,52,6.5535743306336
0,40.743313,-74.126464,53,6.6862984359562
0,40.743422,-74.128876,54,6.8127798997878
0,40.743189,-74.131670,55,6.9599163313356
0,40.743040,-74.133609,56,7.0619351354517
0,40.742705,-74.137631,57,7.2737382467837
0,40.742343,-74.141866,58,7.4968301478014
0,40.741907,-74.146797,59,7.7567018505745
0,40.741776,-74.148237,60,7.8326223687463
0,40.741379,-74.151334,61,7.9970443357593
0,40.741050,-74.152678,62,8.0709796821748
0,40.739435,-74.155847,63,8.2709040921876
0,40.739462,-74.155694,64,8.2791274693657
0,40.738693,-74.157311,65,8.3790679082434
0,40.737901,-74.158780,66,8.4734500981515
0,40.736340,-74.161117,67,8.6365428206219
0,40.734537,-74.163756,68,8.8225658570849
1,40.712713,-74.011963,0,0
1,40.713561,-74.016213,1,0.23015111466121
1,40.714564,-74.021281,2,0.50445205718242
1,40.715442,-74.025719,3,0.74464608088577
1,40.716761,-74.032375,4,1.1049158260347
1,40.716756,-74.032362,5,1.1056803878052
1,40.716918,-74.032988,6,1.1403198016337
1,40.717170,-74.034820,7,1.2378215744565
1,40.717360,-74.035920,8,1.2969009207638
1,40.717713,-74.037241,9,1.3702494609071
1,40.719160,-74.041876,10,1.6327445174306
1,40.719665,-74.042463,11,1.6792435119881
1,40.719314,-74.042392,12,1.7037774453828
1,40.719528,-74.043082,13,1.7428168711523
1,40.720585,-74.046403,14,1.9314283611302
1,40.722060,-74.050976,15,2.1916662768699
1,40.722733,-74.053320,16,2.3229149384504
1,40.723020,-74.053867,17,2.3577507757312
1,40.723671,-74.054726,18,2.4213591610096
1,40.724281,-74.055468,19,2.4786796878221
1,40.725069,-74.055990,20,2.539598210421
1,40.725767,-74.056432,21,2.5930886929834
1,40.726035,-74.056480,22,2.6117745188958
1,40.726440,-74.056594,23,2.6403855103201
1,40.727055,-74.056978,24,2.6873925893857
1,40.728096,-74.058140,25,2.7815963820966
1,40.728887,-74.059040,26,2.853756416856
1,40.729627,-74.059861,27,2.9205517292263
1,40.730053,-74.060339,28,2.9591855222311
1,40.730835,-74.061241,29,3.0309437132305
1,40.731173,-74.061650,30,3.0626275393019
1,40.731963,-74.062589,31,3.1360843474401
1,40.732331,-74.063049,32,3.1711046786551
1,40.733010,-74.062864,33,3.2190061522821
1,40.733719,-74.064240,34,3.3061210320763
1,40.734226,-74.065091,35,3.3627947066875
1,40.734596,-74.065585,36,3.3991585943134
1,40.735637,-74.067340,37,3.5158391797294
1,40.736200,-74.068739,38,3.5987670733044
1,40.737021,-74.071379,39,3.7481603252136
1,40.738381,-74.076542,40,4.034309633606
1,40.739776,-74.081847,41,4.3282690757183
1,40.740623,-74.084924,42,4.4996443034704
1,40.741153,-74.087380,43,4.6333223878706
1,40.741307,-74.091689,44,4.85913670391
1,40.741494,-74.096962,45,5.135464279356
1,40.741732,-74.102578,46,5.4299032233108
1,40.741795,-74.104117,47,5.5105821959304
1,40.741907,-74.105110,48,5.5631352087003
1,40.742452,-74.110874,49,5.8671998644981
1,40.743031,-74.116604,50,6.1697975827402
1,40.743195,-74.122483,51,6.477745804626
1,40.743227,-74.123931,52,6.5535743306336
1,40.743313,-74.126464,53,6.6862984359562
1,40.743422,-74.128876,54,6.8127798997878
1,40.743189,-74.131670,55,6.9599163313356
1,40.743040,-74.133609,56,7.0619351354517
1,40.742705,-74.137631,57,7.2737382467837
1,40.742343,-74.141866,58,7.4968301478014
1,40.741907,-74.146797,59,7.7567018505745
1,40.741776,-74.148237,60,7.8326223687463
1,40.741379,-74.151334,61,7.9970443357593
1,40.741050,-74.152678,62,8.0709796821748
1,40.739435,-74.155847,63,8.2709040921876
1,40.739462,-74.155694,64,8.2791274693657
1,40.738693,-74.157311,65,8.3790679082434
1,40.737901,-74.158780,66,8.4734500981515
1,40.736340,-74.161117,67,8.6365428206219
1,40.734537,-74.163756,68,8.8225658570849
2,40.734568,-74.163714,0,0
2,40.736209,-74.161315,1,0.16919672890228
2,40.737840,-74.158819,2,0.34174189311588
2,40.739440,-74.155720,3,0.53805416580964
2,40.741014,-74.152653,4,0.73196815791358
2,40.741445,-74.151231,5,0.81214086265732
2,40.742742,-74.137058,6,1.5594382989713
2,40.743442,-74.128816,7,1.9935730027799
2,40.743030,-74.116701,8,2.6283771115536
2,40.741788,-74.104033,9,3.2970269711861
2,40.741172,-74.087506,10,4.16320990124
2,40.740739,-74.085206,11,4.287269675979
2,40.739377,-74.080313,12,4.5601468693587
2,40.738516,-74.076977,13,4.7446361911529
2,40.737689,-74.073884,14,4.9163389442188
2,40.736651,-74.070145,15,5.1248007437829
2,40.735677,-74.067375,16,5.2846664302879
2,40.734570,-74.065566,17,5.4063978772379
2,40.734219,-74.065116,18,5.4402075905995
2,40.733020,-74.062920,19,5.5819106855975
3,40.733010,-74.062864,0,0
3,40.733719,-74.064240,1,0.087114879794218
3,40.734226,-74.065091,2,0.14378855440544
3,40.734596,-74.065585,3,0.18015244203132
3,40.735637,-74.067340,4,0.29683302744736
3,40.736200,-74.068739,5,0.3797609210223
3,40.737021,-74.071379,6,0.52915417293154
3,40.738381,-74.076542,7,0.81530348132394
3,40.739776,-74.081847,8,1.1092629234362
3,40.740623,-74.084924,9,1.2806381511883
3,40.741153,-74.087380,10,1.4143162355885
3,40.741307,-74.091689,11,1.6401305516279
3,40.741494,-74.096962,12,1.916458127074
3,40.741732,-74.102578,13,2.2108970710287
3,40.741795,-74.104117,14,2.2915760436483
3,40.741907,-74.105110,15,2.3441290564182
3,40.742452,-74.110874,16,2.648193712216
3,40.743031,-74.116604,17,2.9507914304581
3,40.743195,-74.122483,18,3.2587396523439
3,40.743227,-74.123931,19,3.3345681783516
3,40.743313,-74.126464,20,3.4672922836741
3,40.743422,-74.128876,21,3.5937737475057
3,40.743189,-74.131670,22,3.7409101790535
3,40.743040,-74.133609,23,3.8429289831696
3,40.742705,-74.137631,24,4.0547320945016
3,40.742343,-74.141866,25,4.2778239955193
3,40.741907,-74.146797,26,4.5376956982924
3,40.741776,-74.148237,27,4.6136162164642
3,40.741379,-74.151334,28,4.7780381834772
3,40.741050,-74.152678,29,4.8519735298928
3,40.739435,-74.155847,30,5.0518979399056
3,40.739462,-74.155694,31,5.0601213170836
3,40.738693,-74.157311,32,5.1600617559613
3,40.737901,-74.158780,33,5.2544439458695
3,40.736340,-74.161117,34,5.4175366683399
3,40.734537,-74.163756,35,5.6035597048029
4,40.735886,-74.029208,0,0
4,40.735006,-74.029395,1,0.061582319945851
4,40.734348,-74.029546,2,0.10772571234473
4,40.733959,-74.029616,3,0.13485047147493
4,40.733755,-74.029611,4,0.1489473066646
4,40.733432,-74.029576,5,0.17133853261958
4,40.733110,-74.029494,6,0.19399584602226
4,40.732619,-74.029326,7,0.22904070966293
4,40.732512,-74.029234,8,0.237863983431
4,40.732392,-74.029088,9,0.24914057530963
4,40.732290,-74.028861,10,0.26295706488751
4,40.732225,-74.028513,11,0.28172149241642
4,40.732017,-74.027352,12,0.34418046472827
4,40.731790,-74.024167,13,0.51166518289846
4,40.731651,-74.022283,14,0.61076757673312
4,40.731715,-74.018199,15,0.8246293897265
4,40.731854,-74.015851,16,0.94793229588788
4,40.732044,-74.013174,17,1.0886983629448
4,40.732521,-74.009464,18,1.2857081051903
4,40.732957,-74.007072,19,1.4145102652808
4,40.732952,-74.007061,20,1.4151776295068
4,40.733125,-74.005930,21,1.4755838274153
4,40.733413,-74.004093,22,1.5737937421903
4,40.733839,-74.001204,23,1.727878819675
4,40.734072,-73.999547,24,1.8161084024701
4,40.734183,-73.999135,25,1.8390005367056
4,40.734244,-73.999110,26,1.8434131593642
4,40.737345,-73.996844,27,2.0883108540724
4,40.742890,-73.992803,28,2.5259374699167
4,40.749102,-73.988256,29,3.0167001011838
5,40.749111,-73.988276,0,0
5,40.742890,-73.992803,1,0.49080022084782
5,40.737345,-73.996844,2,0.9284268366922
5,40.734244,-73.999110,3,1.1733245314004
5,40.734228,-73.999114,4,1.1744499358544
5,40.734179,-73.999146,5,1.1782274214981
5,40.734070,-73.999537,6,1.2000386594442
5,40.733839,-74.001189,7,1.2879856984155
5,40.733596,-74.002847,8,1.3763956582101
5,40.732946,-74.007069,9,1.6019473815546
5,40.732957,-74.007072,10,1.6027209917083
5,40.732639,-74.008638,11,1.6875996882363
5,40.732297,-74.011037,12,1.815400182563
5,40.732026,-74.013335,13,1.93715835201
5,40.731725,-74.017805,14,2.17210483181
5,40.731666,-74.021147,15,2.3471212790326
5,40.731642,-74.022234,16,2.4040549186871
5,40.732022,-74.027358,17,2.6736008325869
5,40.732287,-74.028822,18,2.7524037863473
5,40.732370,-74.029064,19,2.7663107665436
5,40.732535,-74.029251,20,2.7813375802502
5,40.732659,-74.029344,21,2.79119144808
5,40.732901,-74.029446,22,2.8087432937481
5,40.733179,-74.029516,23,2.8282968235647
5,40.733551,-74.029578,24,2.8542024907351
5,40.733793,-74.029625,25,2.8711024068228
5,40.733970,-74.029617,26,2.8833385235376
5,40.735884,-74.029220,27,3.0172000898134
6,40.749111,-73.988276,0,0
6,40.742890,-73.992803,1,0.49080022084782
6,40.737345,-73.996844,2,0.9284268366922
6,40.734244,-73.999110,3,1.1733245314004
6,40.734228,-73.999114,4,1.1744499358544
6,40.734179,-73.999146,5,1.1782274214981
6,40.734070,-73.999537,6,1.2000386594442
6,40.733839,-74.001189,7,1.2879856984155
6,40.733596,-74.002847,8,1.3763956582101
6,40.732946,-74.007069,9,1.6019473815546
6,40.732950,-74.007070,10,1.6022302743296
6,40.732870,-74.007520,11,1.6264291303067
6,40.732440,-74.010037,12,1.7615111033137
6,40.732042,-74.013119,13,1.9251928514596
6,40.731706,-74.017895,14,2.1763129043889
6,40.731657,-74.022248,15,2.4042375426443
6,40.732014,-74.027340,16,2.6719650485567
6,40.731953,-74.028839,17,2.7505573252768
6,40.731861,-74.029253,18,2.7731448871448
6,40.731646,-74.029719,19,2.801708470705
6,40.731202,-74.030385,20,2.8481499607192
6,40.729743,-74.031848,21,2.9747520117282
6,40.728463,-74.033009,22,3.0820633699725
6,40.727093,-74.033788,23,3.1851303357062
6,40.726620,-74.033890,24,3.2182433996042
6,40.727000,-74.033821,25,3.2447450130293
6,40.724932,-74.034214,26,3.3890972772704
6,40.720369,-74.035033,27,3.7072583273953
6,40.717318,-74.035609,28,3.9201988953278
6,40.717533,-74.036509,29,3.9696136421789
6,40.717749,-74.037274,30,4.0123628172541
6,40.719187,-74.041963,31,4.277240702721
6,40.719669,-74.042444,32,4.3189944896576
6,40.719314,-74.042392,33,4.343672165715
6,40.719528,-74.043082,34,4.3827115914845
6,40.720585,-74.046403,35,4.5713230814624
6,40.722060,-74.050976,36,4.8315609972021
6,40.722733,-74.053320,37,4.9628096587826
6,40.723020,-74.053867,38,4.9976454960634
6,40.723671,-74.054726,39,5.0612538813418
6,40.724281,-74.055468,40,5.1185744081543
6,40.725069,-74.055990,41,5.1794929307532
6,40.725767,-74.056432,42,5.2329834133156
6,40.726035,-74.056480,43,5.251669239228
6,40.726440,-74.056594,44,5.2802802306523
6,40.727055,-74.056978,45,5.3272873097179
6,40.728096,-74.058140,46,5.4214911024288
6,40.728887,-74.059040,47,5.4936511371882
6,40.729627,-74.059861,48,5.5604464495585
6,40.730053,-74.060339,49,5.5990802425633
6,40.730835,-74.061241,50,5.6708384335627
6,40.731173,-74.061650,51,5.7025222596341
6,40.731963,-74.062589,52,5.7759790677723
6,40.732331,-74.063049,53,5.8109993989873
7,40.749111,-73.988276,0,0
7,40.742890,-73.992803,1,0.49080022084782
7,40.737345,-73.996844,2,0.9284268366922
7,40.734244,-73.999110,3,1.1733245314004
7,40.734228,-73.999114,4,1.1744499358544
7,40.734179,-73.999146,5,1.1782274214981
7,40.734070,-73.999537,6,1.2000386594442
7,40.733839,-74.001189,7,1.2879856984155
7,40.733596,-74.002847,8,1.3763956582101
7,40.732946,-74.007069,9,1.6019473815546
7,40.732957,-74.007072,10,1.6027209917083
7,40.732639,-74.008638,11,1.6875996882363
7,40.732297,-74.011037,12,1.815400182563
7,40.732026,-74.013335,13,1.93715835201
7,40.731725,-74.017805,14,2.17210483181
7,40.731666,-74.021147,15,2.3471212790326
7,40.731642,-74.022234,16,2.4040549186871
7,40.732022,-74.027358,17,2.6736008325869
7,40.732287,-74.028822,18,2.7524037863473
7,40.732370,-74.029064,19,2.7663107665436
7,40.732535,-74.029251,20,2.7813375802502
7,40.732659,-74.029344,21,2.79119144808
7,40.732901,-74.029446,22,2.8087432937481
7,40.733179,-74.029516,23,2.8282968235647
7,40.733551,-74.029578,24,2.8542024907351
7,40.733793,-74.029625,25,2.8711024068228
7,40.733970,-74.029617,26,2.8833385235376
7,40.735884,-74.029220,27,3.0172000898134
7,40.735873,-74.029219,28,3.0179646515839
7,40.732331,-74.031045,29,3.2806905498265
7,40.727990,-74.033300,30,3.6030110737074
7,40.727055,-74.033811,31,3.6729315360102
7,40.727000,-74.033821,32,3.6767670663915
7,40.724932,-74.034214,33,3.8211193306325
7,40.720369,-74.035033,34,4.1392803807574
7,40.717318,-74.035609,35,4.35222094869
7,40.717533,-74.036509,36,4.401635695541
7,40.717749,-74.037274,37,4.4443848706162
7,40.719187,-74.041963,38,4.7092627560832
7,40.719669,-74.042444,39,4.7510165430197
7,40.719314,-74.042392,40,4.7756942190771
7,40.719528,-74.043082,41,4.8147336448466
7,40.720585,-74.046403,42,5.0033451348245
7,40.722060,-74.050976,43,5.2635830505642
7,40.722733,-74.053320,44,5.3948317121447
7,40.723020,-74.053867,45,5.4296675494255
7,40.723671,-74.054726,46,5.4932759347039
7,40.724281,-74.055468,47,5.5505964615165
7,40.725069,-74.055990,48,5.6115149841153
7,40.725767,-74.056432,49,5.6650054666777
7,40.726035,-74.056480,50,5.6836912925902
7,40.726440,-74.056594,51,5.7123022840144
7,40.727055,-74.056978,52,5.75930936308
7,40.728096,-74.058140,53,5.8535131557909
7,40.728887,-74.059040,54,5.9256731905504
7,40.729627,-74.059861,55,5.9924685029207
7,40.730053,-74.060339,56,6.0311022959254
7,40.730835,-74.061241,57,6.1028604869249
7,40.731173,-74.061650,58,6.1345443129963
7,40.731963,-74.062589,59,6.2080011211344
7,40.732331,-74.063049,60,6.2430214523494
8,40.732332,-74.063044,0,0
8,40.731618,-74.062174,1,0.067142539781367
8,40.731236,-74.061713,2,0.10290679895705
8,40.730304,-74.060631,3,0.188670202194
8,40.729551,-74.059785,4,0.25699635100218
8,40.727941,-74.057954,5,0.40384114934089
8,40.727082,-74.057003,6,0.48131048425804
8,40.726467,-74.056606,7,0.5286127190934
8,40.726040,-74.056477,8,0.55887747520329
8,40.725767,-74.056435,9,0.57786678013053
8,40.725399,-74.056213,10,0.60582305160198
8,40.724553,-74.055658,11,0.6710985355506
8,40.724287,-74.055467,12,0.69202137858434
8,40.723807,-74.054901,13,0.73649715663731
8,40.723276,-74.054196,14,0.78854137165651
8,40.723024,-74.053877,15,0.81266873153656
8,40.722745,-74.053336,16,0.84693274246447
8,40.722204,-74.051434,17,0.95330799840898
8,40.719456,-74.042849,18,1.4412940747167
8,40.719318,-74.042372,19,1.4680296707724
8,40.719666,-74.042446,20,1.4923832506819
8,40.719202,-74.041976,21,1.5327987102294
8,40.719019,-74.041423,22,1.5643961555719
8,40.717739,-74.037256,23,1.7998409945536
8,40.717301,-74.035598,24,1.8917859715645
8,40.727000,-74.033820,25,2.5683262996752
8,40.726620,-74.033890,26,2.5948350020068
8,40.727001,-74.033811,27,2.6214812346214
8,40.728444,-74.033043,28,2.7289817838197
8,40.730122,-74.031458,29,2.8715544832371
8,40.731203,-74.030407,30,2.9643221803214
8,40.731606,-74.029785,31,3.0071673323325
8,40.731879,-74.029253,32,3.0408055160797
8,40.731966,-74.028803,33,3.0651197023537
8,40.732022,-74.027337,34,3.1419685973606
8,40.731637,-74.022312,35,3.4063910923604
8,40.731674,-74.019643,36,3.5461489119867
8,40.731723,-74.017910,37,3.6369425288279
8,40.732014,-74.013364,38,3.8757934638236
8,40.732413,-74.010089,39,4.0494552893379
8,40.732686,-74.008473,40,4.13613620308
8,40.732950,-74.007070,41,4.2118191986206
8,40.732952,-74.007061,42,4.2123127211213
8,40.733125,-74.005930,43,4.2727189190298
8,40.733413,-74.004093,44,4.3709288338047
8,40.733839,-74.001204,45,4.5250139112895
8,40.734072,-73.999547,46,4.6132434940846
8,40.734183,-73.999135,47,4.6361356283201
8,40.734244,-73.999110,48,4.6405482509787
8,40.737345,-73.996844,49,4.8854459456869
8,40.742890,-73.992803,50,5.3230725615312
8,40.749102,-73.988256,51,5.8138351927983
9,40.732332,-74.063044,0,0
9,40.731618,-74.062174,1,0.067142539781367
9,40.731236,-74.061713,2,0.10290679895705
9,40.730304,-74.060631,3,0.188670202194
9,40.729551,-74.059785,4,0.25699635100218
9,40.727941,-74.057954,5,0.40384114934089
9,40.727082,-74.057003,6,0.48131048425804
9,40.726467,-74.056606,7,0.5286127190934
9,40.726040,-74.056477,8,0.55887747520329
9,40.725767,-74.056435,9,0.57786678013053
9,40.725399,-74.056213,10,0.60582305160198
9,40.724553,-74.055658,11,0.6710985355506
9,40.724287,-74.055467,12,0.69202137858434
9,40.723807,-74.054901,13,0.73649715663731
9,40.723276,-74.054196,14,0.78854137165651
9,40.723024,-74.053877,15,0.81266873153656
9,40.722745,-74.053336,16,0.84693274246447
9,40.722204,-74.051434,17,0.95330799840898
9,40.719456,-74.042849,18,1.4412940747167
9,40.719318,-74.042372,19,1.4680296707724
9,40.719666,-74.042446,20,1.4923832506819
9,40.719202,-74.041976,21,1.5327987102294
9,40.719019,-74.041423,22,1.5643961555719
9,40.717739,-74.037256,23,1.7998409945536
9,40.717301,-74.035598,24,1.8917859715645
9,40.727000,-74.033820,25,2.5683262996752
9,40.727017,-74.033816,26,2.5695206998718
9,40.728957,-74.032808,27,2.7135714555111
9,40.731907,-74.031273,28,2.9326591432179
9,40.735858,-74.029220,29,3.2260311970136
9,40.735886,-74.029208,30,3.2280660424126
9,40.735006,-74.029395,31,3.2896483623585
9,40.734348,-74.029546,32,3.3357917547574
9,40.733959,-74.029616,33,3.3629165138876
9,40.733755,-74.029611,34,3.3770133490772
9,40.733432,-74.029576,35,3.3994045750322
9,40.733110,-74.029494,36,3.4220618884349
9,40.732619,-74.029326,37,3.4571067520756
9,40.732512,-74.029234,38,3.4659300258436
9,40.732392,-74.029088,39,3.4772066177223
9,40.732290,-74.028861,40,3.4910231073002
9,40.732225,-74.028513,41,3.5097875348291
9,40.732017,-74.027352,42,3.5722465071409
9,40.731790,-74.024167,43,3.7397312253111
9,40.731651,-74.022283,44,3.8388336191458
9,40.731715,-74.018199,45,4.0526954321391
9,40.731854,-74.015851,46,4.1759983383005
9,40.732044,-74.013174,47,4.3167644053575
9,40.732521,-74.009464,48,4.513774147603
9,40.732957,-74.007072,49,4.6425763076934
9,40.732952,-74.007061,50,4.6432436719195
9,40.733125,-74.005930,51,4.703649869828
9,40.733413,-74.004093,52,4.8018597846029
9,40.733839,-74.001204,53,4.9559448620876
9,40.734072,-73.999547,54,5.0441744448827
9,40.734183,-73.999135,55,5.0670665791182
9,40.734244,-73.999110,56,5.0714792017768
9,40.737345,-73.996844,57,5.316376896485
9,40.742890,-73.992803,58,5.7540035123294
9,40.749102,-73.988256,59,6.2447661435965
10,40.734568,-74.163714,0,0
10,40.736209,-74.161315,1,0.16919672890228
10,40.737840,-74.158819,2,0.34174189311588
10,40.739440,-74.155720,3,0.53805416580964
10,40.741014,-74.152653,4,0.73196815791358
10,40.741445,-74.151231,5,0.81214086265732
10,40.742742,-74.137058,6,1.5594382989713
10,40.743442,-74.128816,7,1.9935730027799
10,40.743030,-74.116701,8,2.6283771115536
10,40.741788,-74.104033,9,3.2970269711861
10,40.741172,-74.087506,10,4.16320990124
10,40.740739,-74.085206,11,4.287269675979
10,40.739377,-74.080313,12,4.5601468693587
10,40.738516,-74.076977,13,4.7446361911529
10,40.737689,-74.073884,14,4.9163389442188
10,40.736651,-74.070145,15,5.1248007437829
10,40.735677,-74.067375,16,5.2846664302879
10,40.734570,-74.065566,17,5.4063978772379
10,40.734219,-74.065116,18,5.4402075905995
10,40.733020,-74.062920,19,5.5819106855975
10,40.732332,-74.063044,20,5.6298858669357
10,40.731618,-74.062174,21,5.697028406717
10,40.731236,-74.061713,22,5.7327926658927
10,40.730304,-74.060631,23,5.8185560691297
10,40.729551,-74.059785,24,5.8868822179378
10,40.727941,-74.057954,25,6.0337270162766
10,40.727082,-74.057003,26,6.1111963511937
10,40.726467,-74.056606,27,6.1584985860291
10,40.726040,-74.056477,28,6.188763342139
10,40.725767,-74.056435,29,6.2077526470662
10,40.725399,-74.056213,30,6.2357089185376
10,40.724553,-74.055658,31,6.3009844024863
10,40.724287,-74.055467,32,6.32190724552
10,40.723807,-74.054901,33,6.366383023573
10,40.723276,-74.054196,34,6.4184272385922
10,40.723024,-74.053877,35,6.4425545984722
10,40.722745,-74.053336,36,6.4768186094001
10,40.722204,-74.051434,37,6.5831938653446
10,40.719456,-74.042849,38,7.0711799416524
10,40.719318,-74.042372,39,7.0979155377081
10,40.719671,-74.042438,40,7.1225480532219
10,40.719184,-74.041976,41,7.1639892525089
10,40.717700,-74.037260,42,7.4313808313085
10,40.717360,-74.035920,43,7.5053784136077
10,40.717170,-74.034820,44,7.564457759915
10,40.716920,-74.032970,45,7.6628627663062
10,40.717010,-74.032680,46,7.6792726677545
10,40.717000,-74.032530,47,7.6871575626701
10,40.716759,-74.032358,48,7.7060883256118
10,40.715006,-74.023613,49,8.1797828838281
10,40.712850,-74.012678,50,8.7714894015421
10,40.712719,-74.011941,51,8.8111326762721
11,40.735873,-74.029219,0,0
11,40.732331,-74.031045,1,0.26272589824262
11,40.727990,-74.033300,2,0.58504642212349
11,40.727055,-74.033811,3,0.65496688442627
11,40.726620,-74.033890,4,0.68530432828039
11,40.725363,-74.034120,5,0.77298140682535
11,40.722558,-74.034630,6,0.96861001595648
11,40.720270,-74.035068,7,1.1283430326716
11,40.717321,-74.035586,8,1.3338871008031
11,40.717131,-74.034594,9,1.3874670807066
11,40.717018,-74.033870,10,1.4261756440755
11,40.716806,-74.032616,11,1.4934565368643
11,40.716763,-74.032389,12,1.5057091355014
11,40.716759,-74.032358,13,1.5073544454977
11,40.715006,-74.023613,14,1.9810490037139
11,40.712850,-74.012678,15,2.5727555214279
11,40.712719,-74.011941,16,2.612398796158
12,40.712713,-74.011963,0,0
12,40.713561,-74.016213,1,0.23015111466121
12,40.714564,-74.021281,2,0.50445205718242
12,40.715442,-74.025719,3,0.74464608088577
12,40.716761,-74.032375,4,1.1049158260347
12,40.716759,-74.032377,5,1.1050826670912
12,40.716877,-74.032999,6,1.1386593001789
12,40.717311,-74.035592,7,1.2777158410469
12,40.718458,-74.035380,8,1.3577358712568
12,40.720269,-74.035051,9,1.4840383252949
12,40.726620,-74.033890,10,1.9270199819625
12,40.727017,-74.033816,11,1.9547209990496
12,40.728957,-74.032808,12,2.0987717546889
12,40.731907,-74.031273,13,2.3178594423956
12,40.735858,-74.029220,14,2.6112314961914
